' '
'LamCon_40N_97W'
 2 33.000 45.000 -97.000 -97.000 40.000
'POLSTE_HEMI'
 6         1.000        45.000       -98.000       -98.000        90.000
'LATLON'
1  0.0 0.0 0.0 0.0 0.0
' '
'Pt1dUS1'
'LATLON'  -140.0 20.0 0.1 0.1  900  400 1
'global_1'
'LATLON'  -180.0 -90.0 1.0 1.0  360  180 1
'global_0pt1'
'LATLON'  -180.0 -90.0 0.1 0.1  3600  1800 1
'global_2x2.5'
'LATLON'  -180.0 -89.0 2.0 2.0  180  89 1
'global_4x5'
'LATLON'  -182.5 -88.0 4.0 5.0  72  44 1
'108NHEMI2'
'POLSTE_HEMI' -10098000.000 -10098000.000    108000.000    108000.000 187 187   1
'HEMIS'
'POLSTE_HEMI' -10098000.000 -10098000.000    108000.000    108000.000 187 187   1
'12US1'
'LamCon_40N_97W' -2556000.0 -1728000.0 12000.0 12000.0 459 299 1
'12US2'
'LamCon_40N_97W'     -2412000.0 -1620000.0 12000.0 12000.0 396 246 1
'108US2'
'LamCon_40N_97W'     -2412000.0 -1620000.0 108000.0 108000.0 44 27 1
'36US3'
'LamCon_40N_97W'  -2952000.000  -2772000.000     36000.000     36000.000 172  148   1
'4LISTOS1'
'LamCon_40N_97W'   1140000.000   -456000.000      4000.000      4000.000 300 315   1
' '
